0
26666666612345678
0
00000000012345678
0
00000000012345678
0
00000000012345678
0
00000000012345678
0
00000000012345678
0
00000000012345678
0
00000000012345678
0
00000000012345678
0
00000000012345678
0
00000000012345678
0
00000000012345678
0
00000000012345678
0
00000000012345678
0
00000000012345678
0
00000000012345678
0
00000000012345678
0
00000000012345678
0
00000000012345678
0
00000000012345678
0
00000000012345678
0
00000000012345678
0
00000000012345678
0
00000000012345678
0
00000000012345678
0
00000000012345678
0
00000000012345678
0
00000000012345678
0
00000000012345678
0
00000000012345678
0
00000000012345678
