0
026666666000000400
0
026666666100000800
0
026666666200000c00
0
026666666300001000
0
026666666400001400
0
026666666500001800
0
026666666600001c00
0
026666666700002000
0
026666666800002400
0
026666666900002800
0
026666666a00002c00
0
026666666b00003000
0
010000000000000400
0
000000000000000800
0
010000000000000c00
0
000000000000001000
0
010000000000001400
0
000000000000001800
0
010000000000001c00
0
000000000000002000
0
010000000000002400
0
000000000000002800
0
010000000000002c00
0
000000000000003000
